307
121
698
524
839
906
62
96
291
761
593
238
777
638
689
767
760
211
457
493
861
691
810
963
46
385
461
890
503
4
334
676
348
567
793
455
869
565
137
631
951
202
127
33
457
646
385
933
609
800
761
406
465
394
974
751
34
761
270
383
396
767
123
793
180
91
901
899
386
513
910
719
231
359
73
663
869
925
761
803
57
663
465
899
196
920
686
711
791
939
24
342
420
781
789
52
795
634
540
972
151
267
923
851
147
49
455
808
465
944
29
276
464
598
151
944
494
896
709
248
257
837
45
674
664
286
620
345
736
54
112
763
871
139
577
350
742
594
514
396
21
139
689
997
743
463
350
704
908
403
